355
378
314
372
333
365
349
372
342
359
348
336
374
375
378
354
361
352
375
351
343
357
353
336
334
328
349
356
326
307
342
380
355
346
345
354
378
376
381
364
368
369
323
369
354
350
340
346
324
322
335
354
366
328
338
340
373
387
349
390
340
361
330
362
363
341
325
369
346
326
371
363
362
332
356
365
344
343
331
358
354
343
351
366
390
346
384
361
354
340
337
329
317
345
344
380
330
321
345
332
363
362
366
375
340
343
335
339
328
352
358
333
324
339
322
370
338
316
366
340
348
338
346
323
339
344
342
365
349
335
342
359
373
364
353
334
370
357
361
337
339
365
356
346
365
354
368
341
330
335
347
377
355
323
335
383
380
353
352
365
341
358
336
351
340
344
347
363
351
353
368
379
330
352
362
350
382
349
364
364
381
331
364
333
352
359
348
341
345
362
349
342
343
361
344
351
347
344
353
354
354
393
366
352
356
355
353
377
334
369
353
341
344
361
354
387
341
378
334
365
353
331
347
359
311
346
373
359
351
355
335
344
347
348
350
338
381
361
368
378
405
347
318
349
359
364
338
362
349
363
359
344
350
328
364
360
340
345
360
344
362
391
353
344
331
348
353
374
340
363
362
373
353
355
332
382
352
362
375
364
341
327
373
389
379
354
352
333
356
350
337
382
339
354
334
333
350
366
359
383
391
379
375
362
389
346
365
371
357
347
333
370
384
342
378
373
363
375
340
358
369
367
354
355
371
371
370
402
373
359
341
336
385
354
375
346
368
347
362
378
388
387
339
347
345
373
377
354
357
360
347
374
371
356
341
333
365
369
359
355
363
375
364
364
372
365
382
357
378
355
345
357
395
367
335
354
352
352
361
362
370
360
359
344
390
372
352
360
359
355
330
375
350
351
371
328
396
356
360
346
360
338
361
359
358
369
361
336
350
357
382
368
358
374
361
349
332
368
352
361
387
360
345
340
368
352
364
356
350
375
378
366
364
375
342
360
361
354
327
375
345
361
366
396
349
377
362
363
392
364
357
361
351
381
353
396
369
362
343
331
362
350
403
381
375
353
357
374
362
362
347
382
359
362
370
368
371
343
358
349
344
345
379
398
387
369
361
340
354
340
347
375
365
339
371
357
360
344
363
363
353
363
360
346
365
367
365
358
347
354
375
361
348
351
415
378
362
374
358
339
352
348
344
363
368
328
373
354
387
347
350
332
340
352
360
366
378
343
365
342
347
326
348
372
371
347
388
364
378
370
367
389
351
367
386
378
352
357
386
347
371
376
335
366
358
375
371
358
368
344
334
351
362
368
373
372
396
339
356
378
375
364
360
381
365
348
358
351
373
366
365
347
384
356
387
365
389
365
372
368
367
371
358
385
353
364
358
360
349
347
358
389
379
354
363
365
365
347
365
383
343
386
374
361
365
345
349
346
356
393
355
386
402
364
365
351
350
344
354
336
366
367
390
369
388
374
357
385
378
370
377
376
357
371
386
340
367
360
375
381
357
379
349
403
377
331
356
350
364
367
336
375
342
364
377
358
344
386
370
381
353
364
355
367
330
371
369
354
363
375
367
341
366
364
349
356
333
380
342
348
397
357
375
329
363
350
369
375
367
340
377
362
343
357
353
352
361
366
362
361
376
331
384
374
356
371
340
351
357
350
378
343
365
383
341
337
359
353
372
352
349
381
341
379
361
357
339
360
359
333
359
337
360
342
355
356
354
367
385
346
362
330
354
342
366
375
347
357
393
380
378
360
350
350
356
364
373
371
354
372
368
384
371
366
371
366
364
365
377
370
346
342
334
352
341
382
338
380
339
347
388
381
345
345
360
361
353
348
387
341
366
347
372
358
351
377
360
334
367
379
368
378
359
356
350
378
367
331
408
361
376
359
350
355
354
354
362
361
379
353
354
360
340
380
394
365
363
376
359
357
347
332
334
362
370
346
363
335
331
344
376
366
374
368
365
367
341
341
374
375
355
349
366
365
352
358
372
363
346
346
373
374
356
360
367
361
352
373
342
348
365
369
361
364
364
368
383
341
377
362
346
350
330
348
365
325
355
373
334
380
371
393
354
411
340
358
376
383
401
340
326
383
343
379
374
365
337
353
385
352
394
357
338
382
376
336
369
354
370
353
374
371
354
341
341
364
358
365
345
366
361
380
349
371
380
376
372
375
363
357
357
340
371
351
361
387
361
367
371
366
373
377
377
350
352
368
360
368
363
373
365
340
370
366
362
365
373
364
349
372
408
348
361
354
337
353
351
376
361
371
352
367
366
360
359
372
366
368
372
359
366
358
360
343
376
372
360
360
365
356
379
346
382
352
382
344
351
352
354
370
382
361
353
355
349
354
356
352
356
377
358
373
344
362
358
362
368
366
379
366
381
351
345
356
360
375
348
319
365
400
345
350
362
354
380
370
356
342
364
367
363
362
354
346
375
359
363
359
365
366
355
378
367
342
353
380
348
335
369
342
337
365
391
346
385
362
352
373
331
352
367
346
364
362
344
332
351
352
346
383
317
351
364
358
387
351
379
334
342
367
375
356
339
376
342
357
366
399
359
374
372
365
371
329
364
354
372
351
370
403
347
351
353
380
367
339
347
357
344
368
327
358
331
346
372
366
336
355
355
353
341
365
356
344
372
363
357
392
370
346
340
334
352
346
357
366
351
360
340
376
355
356
332
347
373
358
373
346
372
333
339
294
362
330
359
332
343
353
330
342
341
384
346
357
342
335
361
363
351
368
327
373
357
355
361
344
381
347
348
326
347
342
378
341
375
361
347
356
332
382
352
325
365
334
345
323
361
357
337
369
347
347
343
322
346
367
352
373
354
367
362
354
361
338
303
346
349
372
351
323
366
398
380
367
362
336
367
371
382
358
343
345
365
362
351
360
368
322
379
367
317
349
346
334
327
331
337
384
363
344
347
368
343
362
369
390
383
366
352
366
343
344
344
351
365
357
352
328
347
355
345
349
390
352
353
341
344
354
377
331
330
396
346
376
357
356
377
365
365
338
371
366
381
349
341
382
342
373
375
374
376
392
336
374
400
359
353
386
370
359
369
372
386
363
338
342
391
352
355
343
356
385
316
347
379
357
334
358
353
358
343
367
378
386
395
353
319
350
356
355
334
344
380
348
361
365
365
354
330
340
377
377
345
356
373
350
335
380
381
349
329
324
380
361
344
365
358
359
372
383
387
338
370
355
362
357
372
358
370
385
372
380
383
361
357
353
342
374
357
357
383
351
364
350
365
366
344
320
336
324
368
349
384
339
338
357
372
364
348
349
335
379
357
363
381
370
338
367
374
347
360
345
349
356
316
353
359
369
379
333
357
363
346
346
384
363
365
343
350
373
347
360
344
343
368
357
365
355
354
349
376
364
369
386
354
366
348
377
391
347
364
401
359
356
366
367
399
355
354
389
354
370
343
364
364
359
403
367
373
391
365
338
360
385
342
378
376
368
362
362
355
379
345
351
357
383
346
361
368
357
368
351
377
346
369
381
366
341
364
357
371
367
366
363
379
359
337
347
348
351
374
366
338
386
367
351
351
383
359
387
359
371
370
341
367
359
369
364
361
355
357
365
346
349
365
362
354
382
350
377
350
346
372
386
372
328
361
354
377
362
366
363
384
346
354
356
350
370
388
361
355
389
355
376
376
354
395
372
370
363
386
350
341
379
347
366
397
343
361
359
367
367
353
351
354
378
356
385
358
377
382
354
386
365
339
345
379
371
316
359
360
357
353
369
359
348
375
361
355
355
322
354
342
327
330
354
356
371
383
391
366
357
383
368
385
366
368
330
358
378
357
366
385
373
376
371
363
350
359
362
379
373
363
365
343
373
366
354
335
396
399
372
359
338
364
358
374
353
351
354
391
359
376
365
356
362
375
367
364
368
346
362
379
370
343
360
394
348
341
400
398
338
375
355
363
364
380
351
380
400
364
346
397
357
341
334
377
350
374
368
382
383
364
365
360
372
353
342
356
369
343
374
360
377
368
373
366
395
363
346
332
364
363
353
358
362
370
352
335
344
385
389
364
361
369
352
363
352
377
365
362
367
379
354
375
373
370
395
376
366
384
348
392
346
392
338
370
384
328
378
409
333
352
367
374
366
391
348
353
391
359
355
364
358
364
340
357
402
371
362
355
387
366
381
362
369
356
368
377
355
362
376
384
386
358
380
370
332
345
373
359
361
371
391
397
354
360
375
353
358
376
369
367
349
364
366
324
365
362
364
370
361
321
358
373
383
365
364
368
368
342
376
358
399
340
361
353
357
364
351
330
353
358
361
336
303
365
342
381
369
391
361
354
368
365
372
356
386
365
380
360
387
332
371
352
333
361
350
374
388
350
349
355
344
385
367
342
360
353
356
367
365
372
361
357
371
377
367
367
346
374
339
370
351
359
352
377
357
381
379
372
362
347
339
351
357
349
375
371
364
358
354
369
370
350
346
323
360
374
355
370
364
355
363
364
365
371
352
348
386
347
360
355
370
377
358
360
369
365
348
388
353
346
363
352
379
362
363
388
371
355
358
349
375
377
364
363
358
363
354
339
358
365
384
384
360
355
391
366
364
350
352
357
357
395
334
363
371
369
340
341
380
374
329
364
337
387
379
350
350
324
373
370
367
358
358
323
383
354
360
353
365
371
358
362
363
389
354
372
342
384
340
354
382
376
353
383
385
365
338
350
354
352
352
345
380
345
372
361
363
339
384
343
380
379
366
378
375
362
367
353
368
375
330
369
359
373
343
390
370
354
351
346
356
366
341
353
370
367
375
356
359
356
376
359
373
343
371
344
324
331
366
374
365
362
342
368
355
390
385
362
373
377
396
389
358
348
357
366
379
376
376
353
387
381
373
358
365
373
356
367
367
332
351
363
352
349
338
354
375
354
364
362
387
366
360
355
345
356
378
337
356
349
379
361
363
384
363
369
387
378
358
373
347
359
354
367
361
340
367
355
344
366
355
376
343
372
375
381
345
377
370
335
375
372
386
387
375
370
361
347
356
357
382
389
363
358
371
353
369
361
356
351
349
384
400
390
364
350
342
353
337
386
399
374
351
367
365
346
368
368
348
345
367
328
368
354
324
338
361
354
359
346
370
356
332
359
324
345
368
331
357
343
349
336
383
384
380
359
353
335
333
343
328
342
347
354
367
393
350
392
394
342
361
343
386
328
367
381
376
346
340
376
363
365
342
373
346
360
354
326
358
343
383
373
369
347
370
336
336
337
315
327
375
356
350
343
342
342
354
331
347
345
379
340
350
356
342
372
333
339
360
325
372
336
344
351
348
359
375
336
360
348
363
374
360
362
364
335
330
354
371
348
326
347
339
371
364
346
382
352
363
383
370
345
361
342
345
363
342
361
340
348
362
362
369
340
342
354
383
366
371
342
355
348
335
347
377
386
338
350
366
348
349
345
340
355
353
348
361
358
361
350
344
362
338
342
345
397
357
329
387
384
356
330
363
347
371
386
372
372
357
381
369
388
348
347
365
355
326
318
337
361
366
359
345
359
367
350
349
351
380
356
319
337
344
344
351
352
386
355
343
345
339
354
359
345
365
371
345
349
342
353
372
371
375
326
362
374
346
357
365
351
341
347
346
355
351
358
370
371
348
367
370
355
332
326
371
362
344
361
355
334
354
367
351
333
361
345
368
373
374
370
386
360
379
378
409
353
345
356
334
341
355
352
335
345
332
356
355
358
368
369
359
352
368
325
362
346
322
355
361
351
370
386
354
379
374
368
357
358
379
320
353
352
361
356
351
325
362
357
351
364
371
328
317
354
369
359
350
354
348
349
348
350
336
358
368
361
356
372
330
355
345
344
370
372
327
400
355
355
344
359
340
333
342
312
354
327
333
361
348
350
358
367
344
349
356
357
365
345
359
338
343
349
346
343
347
395
370
348
343
354
372
363
375
365
376
327
335
348
351
335
340
333
345
356
348
381
354
370
362
335
358
421
370
348
332
365
356
368
367
356
359
330
352
349
360
372
389
352
352
372
399
354
349
341
367
338
339
355
390
355
378
306
355
326
350
381
369
363
344
357
367
344
350
326
352
333
362
373
344
336
323
332
376
352
363
350
349
383
369
373
367
332
353
329
342
342
362
339
351
347
362
332
334
349
366
358
372
338
348
347
324
336
351
325
348
339
347
348
335
363
384
372
365
376
350
364
348
340
374
380
347
345
350
374
343
353
323
378
342
349
360
332
376
346
403
357
353
347
340
345
346
380
374
355
360
369
361
338
391
361
360
339
377
383
332
348
347
373
332
350
337
354
368
321
380
330
318
367
358
342
348
359
329
344
342
321
339
341
378
356
368
330
348
342
339
361
333
357
365
369
351
334
355
353
329
354
378
344
354
351
353
366
335
369
342
328
349
359
339
342
353
333
335
367
345
373
350
364
337
343
354
330
380
344
362
395
355
355
347
355
362
356
333
346
365
396
351
360
349
380
335
324
347
377
388
346
351
336
340
355
342
370
341
360
355
341
368
369
364
351
367
359
317
352
349
325
364
347
364
339
354
365
352
357
338
358
356
333
358
364
335
342
335
350
372
346
337
336
376
377
359
345
381
367
359
346
346
335
349
372
350
354
364
359
374
346
379
371
374
375
363
362
370
335
369
368
345
355
333
373
313
360
380
364
357
356
372
344
363
335
355
365
339
356
399
349
324
346
363
337
342
353
330
353
366
363
351
365
314
326
331
313
347
356
343
368
327
332
336
363
359
383
367
359
340
359
348
340
350
359
356
352
352
365
362
344
354
348
344
367
339
351
366
331
335
342
406
364
368
344
361
337
362
356
357
346
323
356
372
342
373
358
361
349
385
350
353
379
369
354
334
358
372
364
359
348
351
365
347
344
335
353
365
352
357
316
333
331
340
355
353
365
369
332
342
332
358
367
329
356
339
375
351
376
352
322
356
359
379
361
337
356
357
350
350
352
350
343
342
363
331
346
361
350
342
347
358
332
354
350
352
341
340
365
370
335
374
389
311
338
362
333
380
405
345
389
373
355
365
347
346
352
341
359
349
343
338
362
374
355
345
362
359
353
323
385
371
361
348
345
313
352
365
320
374
328
379
372
342
347
375
329
382
356
352
356
326
352
345
355
363
332
359
334
342
373
379
353
363
347
384
356
355
364
361
364
351
333
367
346
341
341
355
351
358
321
325
361
345
381
374
370
369
353
389
378
344
355
369
321
345
378
366
363
339
344
340
387
342
356
342
345
355
353
338
391
383
343
329
326
334
332
372
356
349
332
359
340
346
384
354
328
337
329
361
344
336
334
341
345
340
347
334
350
351
360
350
370
340
339
367
357
332
342
353
360
344
319
335
356
342
337
339
342
364
346
350
357
345
359
367
382
360
339
343
368
373
337
338
360
322
371
354
342
347
361
371
335
352
330
350
360
341
381
355
352
340
354
356
354
346
360
370
354
372
365
361
377
359
344
363
362
378
361
304
353
342
347
339
363
370
362
355
352
362
328
333
344
371
337
373
367
388
347
346
348
352
387
397
341
323
335
363
332
338
327
368
381
356
357
381
351
365
343
396
350
